mpg,cubicinches,hp,brand
14,350.000000,165,"US"
31,,71,"Europe"
17,302.000000,140,"US"
15,400.000000,150,""
30,98.000000,63,"US"
23,350.000000,125,"US"
13,351.000000,158,"US"
14,440.000000,215,"US"
25,183.000000,77,"Europe"
37,89.000000,62,"Japan"
34,108.000000,70,"Japan"
34,97.000000,78,"Europe"
16,302.000000,140,"US"
11,350.000000,180,"US"
19,225.000000,90,"US"
16,350.000000,155,"US"
31,85.000000,65,"Japan"
16,304.000000,150,"US"
24,113.000000,95,"Japan"
24,107.000000,90,"Europe"
37,86.000000,65,"Japan"
21,121.000000,110,"Europe"
24,200.000000,81,"US"
15,351.000000,142,"US"
38,89.000000,60,"Japan"
33,91.000000,53,"Japan"
31,71.000000,65,"Japan"
14,351.000000,148,"US"
18,250.000000,78,"US"
29,98.000000,65,"US"
27,97.000000,88,"Japan"
16,250.000000,100,"US"
23,120.000000,97,"Japan"
21,199.000000,90,"US"
30,97.000000,67,"Japan"
22,231.000000,110,"US"
26,97.000000,46,"Europe"
21,80.000000,110,"Japan"
16,351.000000,138,"US"
20,232.000000,90,"US"
16,250.000000,105,"US"
14,302.000000,140,"US"
18,250.000000,110,"US"
17,250.000000,110,"US"
14,455.000000,225,"US"
31,120.000000,74,"Japan"
13,318.000000,150,"US"
22,122.000000,86,"US"
29,97.000000,78,"Europe"
20,200.000000,88,"US"
13,400.000000,150,"US"
27,141.000000,71,"Europe"
14,340.000000,160,"US"
24,116.000000,75,"Europe"
16,350.000000,180,"US"
16,400.000000,230,"US"
19,156.000000,108,"Japan"
33,98.000000,83,"US"
29,90.000000,70,"Europe"
13,360.000000,175,"US"
18,232.000000,100,"US"
22,108.000000,94,"Japan"
32,168.000000,132,"Japan"
46,86.000000,65,"Japan"
14,318.000000,150,"US"
18,250.000000,98,"US"
26,97.000000,46,"Europe"
32,91.000000,67,"Japan"
29,97.000000,71,"Europe"
17,305.000000,145,"US"
20,198.000000,95,"US"
27,112.000000,88,"US"
28,97.000000,92,"Japan"
24,119.000000,97,"Japan"
29,98.000000,83,"Europe"
38,262.000000,85,"US"
22,232.000000,90,"US"
21,134.000000,95,"Japan"
26,98.000000,90,"Europe"
32,108.000000,75,"Japan"
15,400.000000,190,"US"
12,429.000000,198,"US"
19,305.000000,145,"US"
23,115.000000,95,"Europe"
25,116.000000,81,"Europe"
35,72.000000,69,"Japan"
18,199.000000,97,"US"
17,225.000000,85,"US"
28,90.000000,75,"US"
31,119.000000,82,"US"
34,86.000000,65,"Japan"
27,119.000000,97,"Japan"
13,350.000000,175,"US"
17,250.000000,100,"US"
26,98.000000,79,"US"
17,231.000000,110,"US"
12,350.000000,180,"US"
18,250.000000,88,"US"
18,318.000000,135,"US"
16,250.000000,100,"US"
11,400.000000,150,"US"
12,400.000000,167,"US"
25,98.000000,80,"US"
34,105.000000,70,"US"
32,108.000000,75,"Japan"
26,151.000000,84,"US"
43,90.000000,48,"Europe"
30,88.000000,76,"Europe"
25,121.000000,115,"Europe"
18,307.000000,130,"US"
20,97.000000,88,"Japan"
18,121.000000,112,"Europe"
16,351.000000,149,"US"
33,91.000000,53,"Japan"
37,91.000000,69,"Europe"
18,225.000000,95,"US"
24,151.000000,88,"US"
21,231.000000,110,"US"
34,98.000000,65,"US"
15,429.000000,198,"US"
27,101.000000,83,"Europe"
26,79.000000,67,"Europe"
16,400.000000,170,"US"
23,156.000000,105,"US"
27,97.000000,60,"Europe"
26,140.000000,72,"US"
13,360.000000,170,"US"
30,105.000000,75,"US"
20,114.000000,91,"Europe"
36,98.000000,66,"US"
26,97.000000,78,"Europe"
28,151.000000,90,"US"
12,455.000000,225,"US"
17,304.000000,150,"US"
15,350.000000,145,"US"
16,318.000000,150,"US"
26,91.000000,70,"US"
13,302.000000,129,"US"
22,121.000000,98,"Europe"
21,120.000000,87,"Europe"
26,173.000000,115,"US"
29,97.000000,75,"Japan"
32,144.000000,96,"Japan"
35,81.000000,60,"Japan"
19,267.000000,125,"US"
23,120.000000,88,"Europe"
20,225.000000,110,"US"
27,151.000000,90,"US"
15,350.000000,165,"US"
18,302.000000,139,"US"
31,120.000000,75,"Japan"
27,134.000000,95,"Japan"
14,455.000000,225,"US"
15,250.000000,72,"US"
28,107.000000,86,"Europe"
19,250.000000,88,"US"
18,70.000000,90,"Japan"
29,98.000000,68,"Japan"
19,232.000000,100,"US"
16,163.000000,133,"Europe"
24,151.000000,90,"US"
17,318.000000,140,"US"
18,171.000000,97,"US"
23,198.000000,95,"US"
23,97.000000,54,"Europe"
19,260.000000,110,"US"
16,225.000000,105,"US"
26,156.000000,92,"US"
20,156.000000,122,"Japan"
38,105.000000,63,"US"
32,107.000000,72,"Japan"
20,131.000000,103,"Europe"
29,68.000000,49,"Europe"
31,112.000000,85,"US"
21,122.000000,86,"US"
26,96.000000,69,"Europe"
14,400.000000,175,"US"
14,304.000000,150,"US"
20,302.000000,139,"US"
31,98.000000,68,"Japan"
19,200.000000,85,"US"
33,97.000000,67,"Japan"
17,305.000000,140,"US"
18,318.000000,150,"US"
34,112.000000,88,"US"
20,200.000000,85,"US"
18,250.000000,105,"US"
13,318.000000,150,"US"
14,351.000000,153,"US"
13,440.000000,215,"US"
25,156.000000,92,"US"
28,151.000000,90,"US"
13,400.000000,190,"US"
15,350.000000,145,"US"
14,318.000000,150,"US"
41,98.000000,76,"Europe"
27,135.000000,84,"US"
43,90.000000,48,"Europe"
29,90.000000,70,"Europe"
33,85.000000,70,"Japan"
26,116.000000,75,"Europe"
23,140.000000,83,"US"
23,260.000000,90,"US"
19,225.000000,100,"US"
21,140.000000,72,"US"
15,390.000000,190,"US"
40,85.000000,65,"Japan"
18,250.000000,88,"US"
13,307.000000,130,"US"
25,168.000000,116,"Japan"
22,146.000000,97,"Japan"
17,231.000000,165,"US"
39,79.000000,58,"Japan"
30,79.000000,70,"Europe"
22,225.000000,100,"US"
32,119.000000,100,"Japan"
37,85.000000,65,"Japan"
14,351.000000,152,"US"
28,173.000000,115,"US"
15,302.000000,130,"US"
17,258.000000,95,"US"
21,121.000000,115,"Europe"
14,318.000000,150,"US"
16,168.000000,120,"Europe"
14,302.000000,137,"US"
32,83.000000,61,"Japan"
10,360.000000,215,"US"
31,76.000000,52,"Japan"
21,200.000000,85,"US"
27,140.000000,86,"US"
15,383.000000,170,"US"
28,120.000000,79,"US"
23,140.000000,78,"US"
16,318.000000,150,"US"
20,130.000000,102,"Europe"
44,97.000000,52,"Europe"
14,318.000000,150,"US"
20,200.000000,85,"US"
39,86.000000,64,"US"
23,122.000000,86,"US"
13,350.000000,145,"US"
18,225.000000,105,"US"
16,400.000000,180,"US"
25,110.000000,87,"Europe"
14,454.000000,220,"US"
15,318.000000,150,"US"
19,318.000000,140,"US"
44,90.000000,48,"Europe"
28,97.000000,75,"Japan"
29,135.000000,84,"US"
32,98.000000,70,"US"
24,121.000000,110,"Europe"
36,121.000000,67,"Europe"
13,350.000000,145,"US"
23,173.000000,110,"US"
24,113.000000,95,"Japan"
17,305.000000,130,"US"
36,91.000000,60,"Japan"
22,232.000000,112,"US"
18,232.000000,100,"US"
22,250.000000,105,"US"
